# Created by Octave 4.2.2, Sun Jun 06 12:31:08 2021 GMT <unknown@unknown>
# name: all_theta
# type: matrix
# rows: 8
# columns: 137
 -15.08614199672982 -1.344506684768435 -0.558057422095029 -1.244309113226264 -0.4193607969925067 -1.078219362775026 -0.06661420526615275 -0.8493732176964979 0.4322095451669976 -0.06690772699571435 0.156726077851906 0.213977811995097 -0.2032465096411667 -0.06345092747705433 -0.0274945781931129 -0.1211478137181283 -0.2886891686093263 -0.6113214369289239 -0.08445879349923339 -1.002641454796938 -0.1263256662209106 -1.129117917359848 -0.1751907183476343 -0.7484784705612828 -0.4214986080884353 -0.4512513497042308 -0.1227729262210866 0.1983551982205871 0.07846694275607052 0.1675893807101182 -0.02075932279459382 0.4645063917256164 0.01022427336135029 0.7735458830528639 -0.6454433454694913 0.4507515057006343 0.8954576521692429 0.6845171288674322 0.8028831856967622 0.5259452871823289 1.076362885351757 0.1788197856086341 1.425945438459175 1.58225620957408 1.244390140443494 -0.4589616328898642 0.6623606634964228 -0.3157648098147136 0.9360712741868229 -1.033006537390117 0.4231089114494577 -1.073531592296141 0.1784529652970872 -0.5157121687122908 -0.3965656236020888 -0.2166327661351873 0.3580762618362854 0.3685159267856263 -0.2430793689771765 0.6762258375148503 -0.4577418212302315 -0.04991003180023342 -0.3843128470811107 -0.3393429104228782 0.9990549319430574 -0.01052530640062925 -0.2330299105057392 -0.414136454012612 -0.8434210931032173 -0.9345092359837387 -0.01076549964290707 0.1069322558036744 0.7458345940468757 -1.054909774149123 0.4224014588660561 -1.056291311092642 -0.1440187787248084 -0.6281818411814452 -0.6939993768443435 0.01245558762752842 -0.6531964363820922 0.4157927205914914 -0.6939696175107275 0.06454516738006884 -0.01093016977335023 0.2301094829208457 -1.308702159773789 -0.1419231430385326 -1.259018875024919 0.01305257532722908 -0.5835409832371979 0.7927623559826895 0.1955480902300471 -0.2036321410840347 -0.3794229947506962 0.01540514757792005 -1.220906177795741 0.04010890139540053 0.01773268921756263 0.9167008061680518 0.7218807087937299 0.6577265064248309 1.447978620172159 0.6864533650822774 1.499744796894907 -0.05945236264041653 1.362014315549196 -0.2709440640291325 0.4474389772309149 -0.01067111064735158 -0.9656691614941173 -0.5129943119048803 -1.047735649359292 -0.2548828978518424 -0.7903459134512676 0.09059694154016872 -0.5819270329810764 0.6549996011786459 -0.4473418383327975 0.472975433405586 -0.3186961554293819 -0.3737784884433786 0.1333743203631341 0.6099820927586372 0.5613133795864085 0.3055810390098435 0.7556555681047059 -0.08872103056190563 0.4004229494250021 0.1101290881143827 -0.918588785043887 -0.6138039148687888 -0.6458444056789939 0.1506579203328957 -0.5624241038672031 0.2769064407707287 -0.6731866079795202
 -10.20984434211615 2.285182492520833 0.3151885407618579 -0.6851724970643259 0.9689401160381579 -1.749499481543964 0.3975720232446146 -0.2668035071340507 -1.883328703753292 -0.5313367657965941 -1.42946848630168 0.5464187619287897 0.1965851636445396 0.3173183675752211 0.4962579502320353 0.7440841491168698 -0.4753325768877155 1.727647663703398 -1.169462905257588 -0.4697685221059933 -1.395644664092085 0.2711472860439104 1.829994423706721 0.01550842581211606 2.163372300513147 -0.5882148835886057 2.067377415276397 0.8176454752261528 1.478726585180801 0.773689236064003 2.100262492306352 -0.7763608591780303 -0.5551461321160214 -1.410452132537069 -1.107298938057665 -1.788419868924321 -1.640438255160028 -1.162065155798 -2.476919464735052 0.3408950004367058 -1.478421383474812 0.3309948421293251 -0.674770930476174 0.7595313978470416 1.167253730626103 1.721915558972256 2.124161204468238 -1.14725335652178 -0.5761501680613064 1.57004389918933 0.3550562708008578 0.8928886963012675 -0.348559307248129 0.6026049936603473 0.9353246765590923 -1.195305365763842 -0.3402175406124313 0.2111181506542459 0.4974164859793765 0.3829743824272714 0.4803156730475129 -0.4405170001457902 1.241453539569267 -1.085382332340084 -0.7328193132409554 -0.1967261976214731 -0.2450629004964488 1.203551472197127 0.2806468921169963 0.8712388201526956 -1.303836901552005 -0.2704652810228428 -0.9928262610420087 3.258538828785082 -0.7055895669299264 1.096804051174579 0.2265563974998299 -0.9563773194959816 0.6239678994727595 -1.675491988344936 0.08805639339506142 -0.05878523609642056 0.05214962580908067 0.8320964575352633 2.140762120891365 0.4371966013178597 0.6863726012259411 -0.2033422810082511 -0.09338098908428567 0.8524434521910924 -0.1762252380574476 -0.2794130273155634 -1.565732256410395 -0.2165905242678618 -0.4251252396940304 -0.6348796142522423 1.416213425585762 -2.33996873287229 -0.4468544273705191 -0.4500475169382062 1.991276988978773 0.4582263755096181 0.9005451710901912 -1.204967597818748 -0.8874578878922585 -1.72381364390807 -0.1277247610961222 -0.2159593470367062 0.7825429429106554 0.2802620561504415 -1.743271080589055 0.9628176718330995 -0.5764141050966267 0.6354702743661204 -0.251192526747293 0.6486557077051119 0.7472347365750707 1.966325987578847 0.7913696089723762 0.8505574246708039 -1.181104521648534 -1.643709361114385 0.722633502178998 -0.2275468993183917 1.732884918381261 -1.832994484354201 1.724853058990895 -2.629613311912293 2.889036764163425 0.9308058869866823 -1.600831899729707 -0.05707544064137968 -3.195644348248761 1.047561562357749 -3.408749024810326 2.967955957544719 -3.44347705559712
